0 0.309259 0.218981 0.040741 0.034259
0 0.809722 0.215741 0.039815 0.033333
0 0.314352 0.492130 0.043519 0.030556
0 0.849074 0.503704 0.040741 0.035185
0 0.309722 0.765278 0.036111 0.028704
0 0.814815 0.768519 0.044444 0.033333
2 0.343519 0.243981 0.025926 0.023148
2 0.387500 0.239815 0.015741 0.014815
1 0.259259 0.324537 0.064815 0.078704
1 0.397222 0.304167 0.037037 0.078704
3 0.341204 0.293981 0.078704 0.037963
3 0.838889 0.290741 0.081481 0.048148
3 0.338426 0.575926 0.084259 0.062963
3 0.863889 0.603704 0.057407 0.059259
1 0.256019 0.604630 0.065741 0.088889
1 0.397222 0.580093 0.033333 0.071296
2 0.344907 0.520370 0.013889 0.022222
2 0.388426 0.516667 0.015741 0.022222
3 0.340278 0.569444 0.075000 0.037037
1 0.816667 0.627778 0.053704 0.079630
1 0.906019 0.620370 0.037963 0.085185
1 0.256019 0.875926 0.078704 0.085185
1 0.397685 0.850463 0.034259 0.060185
2 0.343519 0.794907 0.024074 0.023148
2 0.384259 0.785648 0.020370 0.013889
1 0.757870 0.320833 0.071296 0.080556
1 0.891667 0.302778 0.044444 0.068519
3 0.337037 0.838426 0.094444 0.028704
1 0.760648 0.876389 0.080556 0.089815
1 0.897222 0.852778 0.042593 0.074074
3 0.841667 0.843056 0.081481 0.041667
2 0.844444 0.794907 0.020370 0.023148
2 0.888426 0.786574 0.019444 0.021296
2 0.866667 0.542130 0.020370 0.023148
2 0.894907 0.535185 0.021296 0.025926
2 0.840741 0.242593 0.016667 0.018519
2 0.883796 0.239352 0.013889 0.023148
